1.000000
0.805040
0.283284
-0.366057
-0.867521
-0.985868
-0.644298
0.015728
0.678009
0.996558
0.781804
0.127539
-0.609420
-0.992941
-0.770490
-0.056081
0.703989
0.998163
0.602167
-0.229246
-0.900971
-0.898008
-0.196141
0.669791
0.994197
0.483639
-0.450052
-0.992953
-0.637386
0.315571
0.974956
0.686057
-0.292066
-0.978334
-0.644247
0.382672
0.997430
0.499207
-0.573334
-0.982668
-0.222361
0.812866
0.844207
-0.194307
-0.986999
-0.483359
0.671467
0.913296
-0.116692
-0.985135
-0.433667
0.757675
0.819260
-0.366080
-0.988345
-0.055930
0.968647
0.419374
-0.824764
-0.685901
0.623768
0.854699
-0.418034
-0.945911
0.240340
0.985804
-0.108139
-0.998158
0.027206
0.999976
-0.000266
-0.999977
0.027031
0.998174
-0.107792
-0.985878
0.240305
0.945792
-0.418286
-0.854854
1.623467
1.491285
-0.541025
-0.785354
0.101186
-0.930092
-1.632632
0.382243
1.497471
0.238692
0.348762
1.112737
-0.726143
-1.906061
-0.099130
0.426839
-0.283076
1.192551
1.446508
-1.042343
-1.123269
0.084620
-0.769584
0.170835
1.991641
0.100635
-1.094278
-0.014429
-0.930012
-0.370123
1.949949
0.370526
-0.929364
0.014708
-1.094572
-0.100562
1.991586
-0.170525
-0.768680
-0.085033
-1.123396
1.042527
1.445421
-1.192403
-0.282893
-0.428817
-0.098368
1.906327
-0.726642
-1.111795
0.347981
-0.238871
1.497729
-0.382467
-1.631971
0.929883
0.101126
0.785293
-0.542352
-1.490806
0.623768
0.854699
-0.418034
-0.945911
0.240340
0.985804
-0.108139
-0.998158
0.027206
0.999976
-0.000266
-0.999977
0.027031
0.998174
-0.107792
-0.985878
0.240305
0.945792
-0.418286
-0.854854
0.623467
0.686245
-0.824309
-0.419297
0.968707
0.055776
-0.988335
0.366515
0.819462
-0.757866
-0.433042
0.985198
-0.116723
-0.913120
0.671360
0.482920
-0.987065
0.194388
0.844341
-0.813097
-0.222298
0.982627
-0.573443
-0.498956
0.997444
-0.383004
-0.644226
0.978524
-0.292627
-0.685694
0.974993
-0.315531
-0.637298
0.993042
-0.450325
-0.483234
0.994156
-0.669732
-0.195346
0.897635
-0.901035
0.229661
0.601213
-0.998096
0.704106
0.054542
-0.769835
0.993031
-0.609950
-0.126660
0.781648
-0.996546
0.678468
-0.016387
-0.643626
0.985812
-0.867521
0.365920
0.282412
-0.804906
